Arts & Entertainment,College & University,Event,Food,Nightlife Spot,Outdoors & Recreation,Professional & Other Places,Residence,Shop & Service,Travel & Transport
1,1,1,26,0,3,3,4,3,3
1,5,0,8,3,5,4,3,23,2
3,1,0,5,2,5,2,6,9,3
5,14,0,46,5,5,21,5,27,22
5,14,0,45,5,5,23,5,26,22
0,0,0,5,1,0,5,3,2,1
7,9,3,18,4,4,20,7,16,5
3,3,0,18,0,2,3,4,5,1
5,14,0,26,5,4,29,8,14,7
5,10,0,51,5,3,24,1,32,20
8,12,3,24,4,4,25,8,16,5
3,2,0,4,2,5,4,8,9,3
6,3,0,24,4,6,19,6,11,11
3,6,1,30,2,4,4,4,3,4
1,5,0,8,3,5,4,3,23,2
1,5,0,5,0,2,5,1,4,1
1,8,0,10,0,7,4,5,34,6
1,0,0,5,1,0,4,1,10,3
0,0,0,4,0,1,4,2,3,0
0,6,0,9,0,3,4,9,17,0
2,1,0,7,0,0,5,0,11,0
6,2,0,27,4,6,20,6,12,11
0,1,0,5,0,3,7,5,6,0
8,12,3,23,4,4,25,8,15,4
8,11,3,36,4,4,21,8,18,9
0,0,0,4,0,1,4,4,3,0
2,1,0,7,0,1,5,0,12,0
0,4,0,5,1,2,11,2,5,1
1,7,0,10,0,7,5,5,33,6
6,1,0,22,4,6,22,6,11,11
1,3,0,17,1,5,5,4,4,3
0,4,0,5,2,2,1,7,15,2
1,4,0,13,3,4,5,11,4,5
1,2,0,4,1,3,5,2,11,1
8,11,3,37,4,4,21,8,17,9
6,5,3,37,7,5,14,10,17,3
0,0,0,1,0,0,2,0,1,0
2,1,0,8,0,1,8,0,11,1
0,2,0,10,3,4,1,3,14,3
0,1,0,0,0,0,3,0,2,0
3,3,0,4,1,4,7,7,9,0
2,1,0,8,0,1,7,0,13,1
0,0,1,3,0,1,3,1,8,1
0,1,0,2,0,0,2,6,2,1
5,14,0,42,5,5,25,4,31,22
0,0,0,1,0,1,0,0,2,0
6,2,0,23,4,6,19,8,10,12
0,0,1,3,0,1,3,1,8,1
8,12,3,30,4,4,21,8,15,8
11,20,0,80,9,15,21,3,19,15
0,7,0,5,0,1,3,10,13,0
1,3,0,9,5,2,8,5,4,1
0,0,0,1,0,0,4,0,6,1
0,0,0,0,0,0,1,0,3,0
1,12,0,10,6,4,6,7,15,3
0,0,0,4,0,1,4,4,3,0
0,0,0,4,0,0,3,0,4,1
0,2,0,14,5,5,15,4,15,2
6,9,0,21,4,4,22,6,8,6
4,5,1,15,2,4,3,5,2,3
6,8,0,20,4,4,22,6,8,6
6,2,2,52,7,10,14,8,20,7
5,9,0,44,4,5,20,6,27,19
1,0,0,6,3,8,4,2,4,2
3,2,0,4,2,5,5,7,10,3
0,0,0,6,0,3,5,2,8,2
2,1,0,7,0,0,5,0,11,0
1,5,0,18,2,7,4,6,3,2
2,1,0,6,0,1,6,0,12,1
0,0,0,0,0,0,1,0,2,1
0,0,0,0,0,0,1,0,4,0
0,0,0,0,0,0,0,0,1,0
1,12,0,12,0,8,3,1,5,2
0,0,0,6,1,3,6,1,4,1
0,0,0,4,0,3,2,2,2,2
0,0,0,0,0,0,0,0,2,0
5,3,1,13,1,7,3,2,21,4
8,12,3,32,4,4,20,8,16,9
0,0,0,1,0,2,2,3,3,0
1,5,0,18,2,7,4,6,3,2
8,11,3,19,4,4,21,7,17,5
1,4,0,5,1,1,7,4,20,4
7,9,3,24,6,4,20,8,17,3
0,2,1,6,1,2,4,10,3,3
0,0,0,1,0,0,1,0,1,0
1,5,0,4,0,4,13,9,16,2
1,5,0,5,0,2,5,1,4,1
7,16,0,12,4,4,16,7,0,2
0,10,0,49,5,3,6,5,11,8
0,2,0,5,0,3,7,5,7,0
5,8,0,15,6,5,7,6,3,4
0,0,0,4,0,1,4,2,2,0
4,2,1,19,6,4,19,1,9,3
1,3,0,23,4,11,5,3,5,2
1,7,0,5,1,3,8,5,14,1
1,2,0,4,1,2,5,2,11,1
1,4,0,6,0,2,4,1,13,0
0,0,0,4,0,1,1,2,4,0
0,4,0,5,2,6,5,3,10,5
0,4,0,4,0,1,5,1,5,0
1,0,0,4,1,0,4,1,10,3
2,2,0,6,4,2,6,5,16,2
0,2,0,4,0,0,7,0,4,2
0,2,0,4,0,2,1,4,1,1
0,0,0,4,0,0,3,0,4,1
2,5,0,5,3,5,3,5,2,0
1,6,0,6,2,1,5,4,17,3
8,16,0,13,4,5,16,7,1,2
6,5,0,57,14,4,8,8,44,5
0,0,0,1,0,2,0,0,0,0
0,0,0,0,0,1,0,0,0,0
6,5,2,48,11,5,15,9,18,3
7,5,2,46,11,4,15,10,18,3
4,5,0,17,2,5,4,3,19,1
0,1,0,6,0,1,5,1,4,0
2,1,0,7,0,0,5,0,11,0
0,2,0,5,0,3,6,5,6,0
1,4,0,13,2,4,5,11,4,5
3,2,0,5,2,5,4,2,9,3
1,7,0,5,1,3,8,5,14,1
0,1,0,4,0,1,3,0,2,0
1,6,0,10,1,10,3,12,24,1
3,12,0,29,4,5,26,8,11,7
2,2,1,6,1,3,7,8,13,2
6,1,0,22,4,6,22,6,11,11
0,0,0,0,0,0,0,0,0,0
1,1,0,12,1,3,5,5,13,4
1,1,0,12,1,2,5,6,13,4
0,0,0,1,0,0,2,0,0,0
11,4,3,44,11,4,15,10,18,4
0,0,0,3,0,1,5,0,3,1
2,4,0,8,0,11,11,10,10,0
5,8,0,15,6,5,7,6,3,4
0,0,0,3,0,4,0,0,0,1
4,5,0,26,2,4,3,5,8,4
8,5,0,4,2,6,4,7,5,3
0,0,0,0,0,0,0,1,0,0
0,2,1,5,1,2,3,9,2,3
6,2,0,25,4,4,20,7,11,12
1,5,0,4,3,6,3,3,2,3
0,0,0,3,0,0,0,0,2,1
0,0,0,0,0,0,2,0,1,0
0,0,0,4,0,2,0,0,1,3
0,0,0,1,0,0,1,0,4,0
0,0,0,0,0,1,0,0,0,1
1,3,0,17,1,5,5,4,4,4
1,5,0,6,2,9,4,8,13,2
0,0,0,1,0,0,1,0,2,0
0,0,0,0,0,0,0,0,0,0
0,0,0,0,0,0,0,0,0,0
1,5,0,6,2,8,4,7,13,2
1,0,0,1,0,0,0,0,2,0
1,1,0,1,0,0,0,0,2,0
0,0,0,4,0,1,4,2,3,0
2,1,0,7,0,0,5,0,11,0
4,4,0,12,4,3,7,6,11,5
0,0,0,0,0,3,0,0,0,0
1,5,0,6,2,9,4,7,13,2
0,0,0,1,0,1,0,0,2,0
1,5,0,5,0,2,5,1,4,1
0,0,0,3,0,1,5,0,3,1
0,2,0,5,0,1,2,0,9,1
3,7,1,45,12,8,27,5,22,4
0,0,0,0,0,0,1,0,2,1
0,0,0,0,0,0,0,0,0,0
0,3,0,7,0,3,4,6,9,0
7,3,3,27,7,6,15,10,13,4
0,0,0,0,0,1,1,0,1,0
0,0,0,2,0,0,5,0,3,0
1,5,0,7,3,3,4,4,3,4
0,0,0,0,0,0,2,0,0,0
2,3,0,24,4,7,21,7,11,11
0,1,0,3,0,0,2,3,1,2
0,8,0,3,0,0,0,0,0,0
1,6,0,10,1,10,3,12,25,1
0,0,0,2,0,0,10,0,7,0
1,1,0,12,1,3,5,5,13,4
8,11,3,20,3,4,22,7,17,4
3,4,0,10,3,5,9,2,11,4
0,1,0,3,0,0,2,3,3,0
1,5,0,8,3,5,4,3,21,3
0,2,0,5,0,1,2,0,9,1
8,12,3,23,5,4,22,8,15,4
0,4,0,4,0,1,4,1,3,0
1,0,0,1,0,0,0,0,2,0
0,0,0,0,0,0,3,0,0,0
0,0,0,4,0,3,1,2,2,2
2,12,0,12,0,9,11,5,4,2
1,5,0,8,3,5,4,3,21,3
0,4,0,5,1,2,12,2,5,1
0,0,0,4,0,1,1,2,4,0
3,12,0,29,4,5,26,8,11,7
0,0,0,1,0,1,0,0,0,0
0,1,0,9,1,0,2,7,4,1
3,5,1,32,1,4,4,4,3,3
0,0,0,0,0,0,0,0,1,0
0,2,0,8,1,3,4,4,7,2
8,11,3,39,4,4,21,8,19,11
0,3,0,4,0,3,6,3,5,0
2,1,0,7,0,0,5,0,11,0
0,1,0,0,0,0,0,0,0,0
0,3,0,6,0,4,6,4,5,0
1,3,0,6,1,0,4,2,16,3
0,0,0,0,0,0,0,0,0,0
4,3,1,18,6,4,17,1,8,3
0,5,0,10,1,1,3,8,5,7
6,15,0,21,4,13,6,2,7,2
3,1,0,4,1,4,15,11,21,3
0,2,0,10,3,4,2,3,14,3
0,0,0,1,0,0,0,0,0,0
3,3,0,12,2,6,3,6,19,2
0,5,0,1,0,0,0,1,0,0
4,4,0,12,4,3,7,5,11,5
0,0,0,1,0,0,1,0,1,0
4,6,0,12,2,3,5,4,10,4
0,1,0,4,1,4,7,5,17,2
0,0,0,0,0,0,0,0,0,0
0,0,0,4,0,1,9,2,9,0
2,1,0,7,0,1,5,0,12,0
0,0,0,4,0,1,4,2,2,0
0,4,0,4,0,1,5,1,5,0
0,0,0,3,0,0,0,0,1,0
0,1,0,4,1,1,1,0,2,2
2,2,1,6,1,3,7,8,13,2
0,1,0,4,5,8,9,9,13,0
2,1,0,8,0,1,7,0,13,1
0,0,0,5,1,3,4,1,4,1
3,26,0,65,9,11,24,8,23,9
2,3,0,19,6,4,18,9,6,11
0,0,0,0,0,0,0,0,0,0
1,12,0,30,7,3,13,8,3,5
0,0,0,1,0,0,0,1,0,1
2,1,0,6,0,1,6,0,12,1
6,8,0,47,13,6,14,8,13,2
0,0,0,0,0,0,0,0,0,0
0,0,0,0,0,0,0,0,0,0
0,0,0,0,0,1,0,0,0,0
0,0,0,0,0,0,0,0,0,0
0,0,0,0,0,0,0,0,0,0
1,5,0,5,0,2,5,1,4,1
1,5,0,7,3,3,2,4,2,4
1,3,2,47,4,8,11,7,23,6
4,2,0,13,5,3,26,2,6,4
0,1,0,6,0,3,4,2,13,1
9,17,0,26,4,4,3,5,11,6
0,1,0,5,1,0,1,2,8,2
0,0,0,1,0,0,2,0,0,0
0,1,0,8,0,3,5,2,5,2
0,1,0,4,0,3,3,1,14,1
2,1,0,3,0,2,6,4,7,3
0,0,0,0,0,0,0,0,0,0
1,0,0,6,3,8,4,2,4,2
0,0,0,4,0,1,0,2,3,0
0,0,0,0,0,0,1,0,1,0
2,2,0,11,1,3,2,2,13,4
0,2,0,5,0,1,1,0,9,1
1,3,0,9,1,6,4,10,19,1
0,0,0,0,0,0,1,0,3,1
4,2,0,33,5,5,4,5,5,5
0,0,0,0,0,0,0,0,0,0
0,3,0,4,2,4,4,5,6,5
6,2,0,26,4,6,19,6,11,11
0,0,0,0,0,0,1,0,0,0
0,0,0,0,0,0,0,0,0,0
0,0,0,4,0,2,0,0,0,0
0,0,0,0,0,0,0,0,0,0
6,3,0,24,4,6,22,8,10,12
0,1,0,0,0,0,0,0,0,0
0,0,0,0,0,0,0,0,0,0
5,5,0,27,2,4,3,5,9,4
1,3,2,47,4,8,11,7,23,6
0,6,0,9,0,3,4,9,17,0
0,1,0,5,1,1,8,2,2,2
3,5,0,4,1,5,2,2,1,3
1,1,0,6,1,2,8,0,11,1
0,0,0,1,0,0,0,0,0,0
0,0,0,3,0,1,8,0,5,1
6,1,0,20,4,6,22,6,10,11
3,4,0,29,5,4,10,11,6,1
0,0,0,0,0,0,0,0,0,0
0,0,0,0,0,0,0,0,0,0
1,1,0,7,1,4,7,8,11,7
0,4,0,7,0,1,4,3,14,0
0,0,0,1,0,0,1,0,3,1
0,0,0,2,0,0,0,0,0,0
1,4,0,14,3,4,5,11,4,6
20,8,2,14,5,3,8,3,2,11
0,0,0,3,0,3,0,0,0,1
4,4,0,4,3,3,6,5,3,4
1,4,0,4,1,1,7,3,20,4
2,3,0,19,6,4,18,7,6,11
0,2,1,9,1,3,5,5,17,3
7,9,3,16,4,1,21,7,15,6
6,1,0,6,2,4,2,3,18,6
0,0,0,0,0,0,0,0,0,0
0,5,0,5,0,4,1,0,0,7
2,1,0,6,0,1,5,0,13,0
0,0,0,3,0,4,0,0,0,1
3,3,0,24,5,6,17,7,16,11
0,0,0,0,0,1,1,0,0,0
1,2,1,11,4,4,7,4,15,0
0,0,0,3,0,1,0,0,0,2
2,3,0,4,3,4,6,14,4,4
4,4,0,35,10,5,14,6,15,3
1,3,1,12,2,7,4,6,4,0
0,0,0,0,0,1,2,0,3,0
0,3,0,2,0,0,4,0,4,0
6,5,1,5,1,2,5,2,6,4
3,4,0,14,1,3,4,4,3,1
0,4,0,4,1,3,13,6,5,2
1,4,0,31,5,2,8,3,5,1
1,2,0,4,0,2,10,3,12,0
0,0,0,0,0,0,0,0,0,0
1,4,0,13,2,4,5,12,4,5
0,4,0,4,0,1,3,1,3,0
5,4,0,6,1,4,7,6,13,4
5,2,2,40,9,7,14,3,12,9
8,11,3,39,4,4,21,8,19,10
0,5,0,4,0,3,7,4,14,0
0,0,0,0,0,0,0,0,0,0
0,0,0,3,0,0,0,0,1,0
0,5,0,2,0,0,1,1,0,0
0,0,0,3,0,0,4,0,13,1
0,0,0,0,0,0,0,0,0,0
4,4,0,20,2,2,8,4,8,2
0,0,0,1,0,0,6,0,3,0
5,9,0,11,5,6,8,5,4,4
8,11,3,32,4,4,21,8,16,8
3,4,0,19,5,5,12,9,14,9
2,4,1,9,5,4,7,4,11,0
2,4,0,5,2,6,4,3,17,7
7,8,1,31,6,4,24,7,9,2
5,10,0,49,5,3,24,1,33,20
2,1,0,3,0,2,6,4,7,3
0,0,0,2,0,2,13,1,10,1
6,3,3,27,7,5,14,3,13,4
6,2,2,54,8,10,14,9,20,7
1,7,3,11,4,1,8,4,14,3
0,2,0,6,2,2,4,2,12,2
3,4,0,7,0,2,3,0,5,5
0,3,0,2,0,0,4,0,4,0
0,2,1,12,0,2,4,7,0,4
4,5,0,42,4,3,12,8,8,2
1,3,0,4,0,5,2,4,8,0
0,0,0,0,0,0,0,0,0,0
5,4,0,29,4,7,21,8,16,10
0,2,1,12,0,2,4,7,0,4
0,0,0,1,0,0,1,0,2,0
3,4,0,6,0,1,3,0,5,5
4,5,0,42,4,3,12,9,8,2